(kicad_pcb (version 20171130) (host pcbnew "(5.1.12)-1")

  (general
    (thickness 1.6)
    (drawings 38)
    (tracks 416)
    (zones 0)
    (modules 38)
    (nets 123)
  )

  (page A4)
  (layers
    (0 F.Cu signal)
    (31 B.Cu signal)
    (32 B.Adhes user)
    (33 F.Adhes user)
    (34 B.Paste user)
    (35 F.Paste user)
    (36 B.SilkS user)
    (37 F.SilkS user)
    (38 B.Mask user)
    (39 F.Mask user)
    (40 Dwgs.User user)
    (41 Cmts.User user)
    (42 Eco1.User user)
    (43 Eco2.User user)
    (44 Edge.Cuts user)
    (45 Margin user)
    (46 B.CrtYd user)
    (47 F.CrtYd user)
    (48 B.Fab user)
    (49 F.Fab user)
  )

  (setup
    (last_trace_width 0.25)
    (user_trace_width 0.254)
    (user_trace_width 0.508)
    (user_trace_width 1.016)
    (trace_clearance 0.2)
    (zone_clearance 0.508)
    (zone_45_only no)
    (trace_min 0.1524)
    (via_size 0.8)
    (via_drill 0.4)
    (via_min_size 0.1524)
    (via_min_drill 0.3)
    (uvia_size 0.3)
    (uvia_drill 0.1)
    (uvias_allowed no)
    (uvia_min_size 0.1524)
    (uvia_min_drill 0.1)
    (edge_width 0.05)
    (segment_width 0.2)
    (pcb_text_width 0.3)
    (pcb_text_size 1.5 1.5)
    (mod_edge_width 0.12)
    (mod_text_size 1 1)
    (mod_text_width 0.15)
    (pad_size 9.398 9.398)
    (pad_drill 9.398)
    (pad_to_mask_clearance 0)
    (aux_axis_origin 0 0)
    (visible_elements 7FFFFFFF)
    (pcbplotparams
      (layerselection 0x010fc_ffffffff)
      (usegerberextensions true)
      (usegerberattributes false)
      (usegerberadvancedattributes false)
      (creategerberjobfile false)
      (excludeedgelayer true)
      (linewidth 0.100000)
      (plotframeref false)
      (viasonmask false)
      (mode 1)
      (useauxorigin false)
      (hpglpennumber 1)
      (hpglpenspeed 20)
      (hpglpendiameter 15.000000)
      (psnegative false)
      (psa4output false)
      (plotreference true)
      (plotvalue true)
      (plotinvisibletext false)
      (padsonsilk false)
      (subtractmaskfromsilk false)
      (outputformat 1)
      (mirror false)
      (drillshape 0)
      (scaleselection 1)
      (outputdirectory "gerber/"))
  )

  (net 0 "")
  (net 1 GND)
  (net 2 "Net-(J1-Pad2)")
  (net 3 "Net-(J1-Pad3)")
  (net 4 "Net-(J1-Pad5)")
  (net 5 "Net-(J1-Pad7)")
  (net 6 "Net-(J3-Pad1)")
  (net 7 "Net-(J3-Pad2)")
  (net 8 "Net-(J4-Pad1)")
  (net 9 "Net-(J4-Pad2)")
  (net 10 "Net-(J5-Pad2)")
  (net 11 "Net-(J5-Pad1)")
  (net 12 "Net-(J6-Pad2)")
  (net 13 "Net-(J6-Pad1)")
  (net 14 "Net-(J7-Pad1)")
  (net 15 "Net-(J7-Pad3)")
  (net 16 "Net-(J7-Pad4)")
  (net 17 "Net-(J7-Pad5)")
  (net 18 "Net-(J7-Pad7)")
  (net 19 "Net-(J7-Pad10)")
  (net 20 "Net-(C1-Pad1)")
  (net 21 "Net-(C2-Pad1)")
  (net 22 /VID_IN)
  (net 23 VCC)
  (net 24 /3V3)
  (net 25 "Net-(D2-Pad2)")
  (net 26 "Net-(D3-Pad2)")
  (net 27 /~CSYNC_OUT)
  (net 28 /~SGBLK_OUT)
  (net 29 /~HSYNC2_OUT)
  (net 30 /~VSYNC2_OUT)
  (net 31 /SUBCARRIER_OUT)
  (net 32 "Net-(J7-Pad8)")
  (net 33 "Net-(J7-Pad9)")
  (net 34 "Net-(J13-Pad12)")
  (net 35 "Net-(J13-Pad14)")
  (net 36 /SYNC_IS_GENERATED)
  (net 37 /SYNC_IS_FROM_NTSC)
  (net 38 "Net-(R6-Pad1)")
  (net 39 "Net-(U2-Pad1)")
  (net 40 "Net-(U2-Pad2)")
  (net 41 "Net-(U2-Pad3)")
  (net 42 "Net-(U2-Pad4)")
  (net 43 "Net-(U2-Pad7)")
  (net 44 "Net-(U2-Pad8)")
  (net 45 "Net-(U2-Pad9)")
  (net 46 "Net-(U2-Pad11)")
  (net 47 "Net-(U2-Pad14)")
  (net 48 "Net-(U2-Pad15)")
  (net 49 "Net-(U2-Pad16)")
  (net 50 "Net-(U2-Pad17)")
  (net 51 "Net-(U2-Pad18)")
  (net 52 "Net-(U2-Pad19)")
  (net 53 "Net-(U2-Pad20)")
  (net 54 /CLK14_3NATIVE)
  (net 55 "Net-(U2-Pad25)")
  (net 56 /~LM1881_CSYNC)
  (net 57 "Net-(U2-Pad28)")
  (net 58 "Net-(U2-Pad29)")
  (net 59 "Net-(U2-Pad30)")
  (net 60 "Net-(U2-Pad32)")
  (net 61 "Net-(U2-Pad33)")
  (net 62 "Net-(U2-Pad34)")
  (net 63 "Net-(U2-Pad35)")
  (net 64 "Net-(U2-Pad37)")
  (net 65 "Net-(U2-Pad39)")
  (net 66 "Net-(U2-Pad40)")
  (net 67 "Net-(U2-Pad42)")
  (net 68 "Net-(U2-Pad43)")
  (net 69 "Net-(U2-Pad46)")
  (net 70 "Net-(U2-Pad49)")
  (net 71 "Net-(U2-Pad50)")
  (net 72 "Net-(U2-Pad52)")
  (net 73 "Net-(U2-Pad53)")
  (net 74 "Net-(U2-Pad54)")
  (net 75 "Net-(U2-Pad55)")
  (net 76 "Net-(U2-Pad56)")
  (net 77 "Net-(U2-Pad58)")
  (net 78 "Net-(U2-Pad59)")
  (net 79 "Net-(U2-Pad60)")
  (net 80 "Net-(U2-Pad61)")
  (net 81 "Net-(U2-Pad63)")
  (net 82 "Net-(U2-Pad65)")
  (net 83 "Net-(U2-Pad66)")
  (net 84 "Net-(U2-Pad67)")
  (net 85 "Net-(U2-Pad68)")
  (net 86 "Net-(U2-Pad70)")
  (net 87 "Net-(U2-Pad71)")
  (net 88 "Net-(U2-Pad72)")
  (net 89 "Net-(U2-Pad73)")
  (net 90 "Net-(U2-Pad76)")
  (net 91 "Net-(U2-Pad77)")
  (net 92 "Net-(U2-Pad78)")
  (net 93 "Net-(U2-Pad79)")
  (net 94 "Net-(U2-Pad81)")
  (net 95 "Net-(U2-Pad82)")
  (net 96 "Net-(U2-Pad85)")
  (net 97 "Net-(U2-Pad90)")
  (net 98 /LM1881_FIELD_IS_TOP)
  (net 99 "Net-(U2-Pad92)")
  (net 100 "Net-(U2-Pad93)")
  (net 101 "Net-(U2-Pad95)")
  (net 102 "Net-(U2-Pad96)")
  (net 103 "Net-(U2-Pad99)")
  (net 104 "Net-(U3-Pad3)")
  (net 105 "Net-(J2-Pad6)")
  (net 106 "Net-(J8-Pad4)")
  (net 107 "Net-(J8-Pad6)")
  (net 108 "Net-(J9-Pad2)")
  (net 109 /TMS)
  (net 110 /TCK)
  (net 111 /TDO)
  (net 112 /TDI)
  (net 113 /TEST_OUTPUT)
  (net 114 "Net-(U2-Pad12)")
  (net 115 "Net-(U2-Pad24)")
  (net 116 "Net-(U2-Pad27)")
  (net 117 "Net-(U2-Pad36)")
  (net 118 "Net-(U2-Pad41)")
  (net 119 "Net-(U2-Pad74)")
  (net 120 "Net-(U2-Pad80)")
  (net 121 "Net-(U2-Pad86)")
  (net 122 "Net-(U3-Pad5)")

  (net_class Default "This is the default net class."
    (clearance 0.2)
    (trace_width 0.25)
    (via_dia 0.8)
    (via_drill 0.4)
    (uvia_dia 0.3)
    (uvia_drill 0.1)
    (add_net /3V3)
    (add_net /CLK14_3NATIVE)
    (add_net /LM1881_FIELD_IS_TOP)
    (add_net /SUBCARRIER_OUT)
    (add_net /SYNC_IS_FROM_NTSC)
    (add_net /SYNC_IS_GENERATED)
    (add_net /TCK)
    (add_net /TDI)
    (add_net /TDO)
    (add_net /TEST_OUTPUT)
    (add_net /TMS)
    (add_net /VID_IN)
    (add_net /~CSYNC_OUT)
    (add_net /~HSYNC2_OUT)
    (add_net /~LM1881_CSYNC)
    (add_net /~SGBLK_OUT)
    (add_net /~VSYNC2_OUT)
    (add_net GND)
    (add_net "Net-(C1-Pad1)")
    (add_net "Net-(C2-Pad1)")
    (add_net "Net-(D2-Pad2)")
    (add_net "Net-(D3-Pad2)")
    (add_net "Net-(J1-Pad2)")
    (add_net "Net-(J1-Pad3)")
    (add_net "Net-(J1-Pad5)")
    (add_net "Net-(J1-Pad7)")
    (add_net "Net-(J13-Pad12)")
    (add_net "Net-(J13-Pad14)")
    (add_net "Net-(J2-Pad6)")
    (add_net "Net-(J3-Pad1)")
    (add_net "Net-(J3-Pad2)")
    (add_net "Net-(J4-Pad1)")
    (add_net "Net-(J4-Pad2)")
    (add_net "Net-(J5-Pad1)")
    (add_net "Net-(J5-Pad2)")
    (add_net "Net-(J6-Pad1)")
    (add_net "Net-(J6-Pad2)")
    (add_net "Net-(J7-Pad1)")
    (add_net "Net-(J7-Pad10)")
    (add_net "Net-(J7-Pad3)")
    (add_net "Net-(J7-Pad4)")
    (add_net "Net-(J7-Pad5)")
    (add_net "Net-(J7-Pad7)")
    (add_net "Net-(J7-Pad8)")
    (add_net "Net-(J7-Pad9)")
    (add_net "Net-(J8-Pad4)")
    (add_net "Net-(J8-Pad6)")
    (add_net "Net-(J9-Pad2)")
    (add_net "Net-(R6-Pad1)")
    (add_net "Net-(U2-Pad1)")
    (add_net "Net-(U2-Pad11)")
    (add_net "Net-(U2-Pad12)")
    (add_net "Net-(U2-Pad14)")
    (add_net "Net-(U2-Pad15)")
    (add_net "Net-(U2-Pad16)")
    (add_net "Net-(U2-Pad17)")
    (add_net "Net-(U2-Pad18)")
    (add_net "Net-(U2-Pad19)")
    (add_net "Net-(U2-Pad2)")
    (add_net "Net-(U2-Pad20)")
    (add_net "Net-(U2-Pad24)")
    (add_net "Net-(U2-Pad25)")
    (add_net "Net-(U2-Pad27)")
    (add_net "Net-(U2-Pad28)")
    (add_net "Net-(U2-Pad29)")
    (add_net "Net-(U2-Pad3)")
    (add_net "Net-(U2-Pad30)")
    (add_net "Net-(U2-Pad32)")
    (add_net "Net-(U2-Pad33)")
    (add_net "Net-(U2-Pad34)")
    (add_net "Net-(U2-Pad35)")
    (add_net "Net-(U2-Pad36)")
    (add_net "Net-(U2-Pad37)")
    (add_net "Net-(U2-Pad39)")
    (add_net "Net-(U2-Pad4)")
    (add_net "Net-(U2-Pad40)")
    (add_net "Net-(U2-Pad41)")
    (add_net "Net-(U2-Pad42)")
    (add_net "Net-(U2-Pad43)")
    (add_net "Net-(U2-Pad46)")
    (add_net "Net-(U2-Pad49)")
    (add_net "Net-(U2-Pad50)")
    (add_net "Net-(U2-Pad52)")
    (add_net "Net-(U2-Pad53)")
    (add_net "Net-(U2-Pad54)")
    (add_net "Net-(U2-Pad55)")
    (add_net "Net-(U2-Pad56)")
    (add_net "Net-(U2-Pad58)")
    (add_net "Net-(U2-Pad59)")
    (add_net "Net-(U2-Pad60)")
    (add_net "Net-(U2-Pad61)")
    (add_net "Net-(U2-Pad63)")
    (add_net "Net-(U2-Pad65)")
    (add_net "Net-(U2-Pad66)")
    (add_net "Net-(U2-Pad67)")
    (add_net "Net-(U2-Pad68)")
    (add_net "Net-(U2-Pad7)")
    (add_net "Net-(U2-Pad70)")
    (add_net "Net-(U2-Pad71)")
    (add_net "Net-(U2-Pad72)")
    (add_net "Net-(U2-Pad73)")
    (add_net "Net-(U2-Pad74)")
    (add_net "Net-(U2-Pad76)")
    (add_net "Net-(U2-Pad77)")
    (add_net "Net-(U2-Pad78)")
    (add_net "Net-(U2-Pad79)")
    (add_net "Net-(U2-Pad8)")
    (add_net "Net-(U2-Pad80)")
    (add_net "Net-(U2-Pad81)")
    (add_net "Net-(U2-Pad82)")
    (add_net "Net-(U2-Pad85)")
    (add_net "Net-(U2-Pad86)")
    (add_net "Net-(U2-Pad9)")
    (add_net "Net-(U2-Pad90)")
    (add_net "Net-(U2-Pad92)")
    (add_net "Net-(U2-Pad93)")
    (add_net "Net-(U2-Pad95)")
    (add_net "Net-(U2-Pad96)")
    (add_net "Net-(U2-Pad99)")
    (add_net "Net-(U3-Pad3)")
    (add_net "Net-(U3-Pad5)")
    (add_net VCC)
  )

  (module Capacitor_SMD:C_1206_3216Metric_Pad1.42x1.75mm_HandSolder (layer F.Cu) (tedit 5B301BBE) (tstamp 62E35DC8)
    (at 57.3675 27.94)
    (descr "Capacitor SMD 1206 (3216 Metric), square (rectangular) end terminal, IPC_7351 nominal with elongated pad for handsoldering. (Body size source: http://www.tortai-tech.com/upload/download/2011102023233369053.pdf), generated with kicad-footprint-generator")
    (tags "capacitor handsolder")
    (path /62F10E42)
    (attr smd)
    (fp_text reference C5 (at 0 -1.82) (layer F.SilkS)
      (effects (font (size 1 1) (thickness 0.15)))
    )
    (fp_text value 10uF (at 0 1.82) (layer F.Fab)
      (effects (font (size 1 1) (thickness 0.15)))
    )
    (fp_line (start 2.45 1.12) (end -2.45 1.12) (layer F.CrtYd) (width 0.05))
    (fp_line (start 2.45 -1.12) (end 2.45 1.12) (layer F.CrtYd) (width 0.05))
    (fp_line (start -2.45 -1.12) (end 2.45 -1.12) (layer F.CrtYd) (width 0.05))
    (fp_line (start -2.45 1.12) (end -2.45 -1.12) (layer F.CrtYd) (width 0.05))
    (fp_line (start -0.602064 0.91) (end 0.602064 0.91) (layer F.SilkS) (width 0.12))
    (fp_line (start -0.602064 -0.91) (end 0.602064 -0.91) (layer F.SilkS) (width 0.12))
    (fp_line (start 1.6 0.8) (end -1.6 0.8) (layer F.Fab) (width 0.1))
    (fp_line (start 1.6 -0.8) (end 1.6 0.8) (layer F.Fab) (width 0.1))
    (fp_line (start -1.6 -0.8) (end 1.6 -0.8) (layer F.Fab) (width 0.1))
    (fp_line (start -1.6 0.8) (end -1.6 -0.8) (layer F.Fab) (width 0.1))
    (fp_text user %R (at 0 0) (layer F.Fab)
      (effects (font (size 0.8 0.8) (thickness 0.12)))
    )
    (pad 2 smd roundrect (at 1.4875 0) (size 1.425 1.75) (layers F.Cu F.Paste F.Mask) (roundrect_rratio 0.1754385964912281)
      (net 1 GND))
    (pad 1 smd roundrect (at -1.4875 0) (size 1.425 1.75) (layers F.Cu F.Paste F.Mask) (roundrect_rratio 0.1754385964912281)
      (net 24 /3V3))
    (model ${KISYS3DMOD}/Capacitor_SMD.3dshapes/C_1206_3216Metric.wrl
      (at (xyz 0 0 0))
      (scale (xyz 1 1 1))
      (rotate (xyz 0 0 0))
    )
  )

  (module Capacitor_SMD:C_1206_3216Metric_Pad1.42x1.75mm_HandSolder (layer F.Cu) (tedit 5B301BBE) (tstamp 62E35DA6)
    (at 48.26 33.2375 270)
    (descr "Capacitor SMD 1206 (3216 Metric), square (rectangular) end terminal, IPC_7351 nominal with elongated pad for handsoldering. (Body size source: http://www.tortai-tech.com/upload/download/2011102023233369053.pdf), generated with kicad-footprint-generator")
    (tags "capacitor handsolder")
    (path /62F059C9)
    (attr smd)
    (fp_text reference C3 (at 0 -1.82 90) (layer F.SilkS)
      (effects (font (size 1 1) (thickness 0.15)))
    )
    (fp_text value 0.1uF (at 0 1.82 90) (layer F.Fab)
      (effects (font (size 1 1) (thickness 0.15)))
    )
    (fp_line (start 2.45 1.12) (end -2.45 1.12) (layer F.CrtYd) (width 0.05))
    (fp_line (start 2.45 -1.12) (end 2.45 1.12) (layer F.CrtYd) (width 0.05))
    (fp_line (start -2.45 -1.12) (end 2.45 -1.12) (layer F.CrtYd) (width 0.05))
    (fp_line (start -2.45 1.12) (end -2.45 -1.12) (layer F.CrtYd) (width 0.05))
    (fp_line (start -0.602064 0.91) (end 0.602064 0.91) (layer F.SilkS) (width 0.12))
    (fp_line (start -0.602064 -0.91) (end 0.602064 -0.91) (layer F.SilkS) (width 0.12))
    (fp_line (start 1.6 0.8) (end -1.6 0.8) (layer F.Fab) (width 0.1))
    (fp_line (start 1.6 -0.8) (end 1.6 0.8) (layer F.Fab) (width 0.1))
    (fp_line (start -1.6 -0.8) (end 1.6 -0.8) (layer F.Fab) (width 0.1))
    (fp_line (start -1.6 0.8) (end -1.6 -0.8) (layer F.Fab) (width 0.1))
    (fp_text user %R (at 0 0 90) (layer F.Fab)
      (effects (font (size 0.8 0.8) (thickness 0.12)))
    )
    (pad 2 smd roundrect (at 1.4875 0 270) (size 1.425 1.75) (layers F.Cu F.Paste F.Mask) (roundrect_rratio 0.1754385964912281)
      (net 1 GND))
    (pad 1 smd roundrect (at -1.4875 0 270) (size 1.425 1.75) (layers F.Cu F.Paste F.Mask) (roundrect_rratio 0.1754385964912281)
      (net 23 VCC))
    (model ${KISYS3DMOD}/Capacitor_SMD.3dshapes/C_1206_3216Metric.wrl
      (at (xyz 0 0 0))
      (scale (xyz 1 1 1))
      (rotate (xyz 0 0 0))
    )
  )

  (module Capacitor_SMD:C_1206_3216Metric_Pad1.42x1.75mm_HandSolder (layer F.Cu) (tedit 5B301BBE) (tstamp 62E35DB7)
    (at 49.53 41.4925 180)
    (descr "Capacitor SMD 1206 (3216 Metric), square (rectangular) end terminal, IPC_7351 nominal with elongated pad for handsoldering. (Body size source: http://www.tortai-tech.com/upload/download/2011102023233369053.pdf), generated with kicad-footprint-generator")
    (tags "capacitor handsolder")
    (path /63E16F7C)
    (attr smd)
    (fp_text reference C4 (at 0 1.905) (layer F.SilkS)
      (effects (font (size 1 1) (thickness 0.15)))
    )
    (fp_text value 0.1uF (at 0 1.82) (layer F.Fab)
      (effects (font (size 1 1) (thickness 0.15)))
    )
    (fp_line (start 2.45 1.12) (end -2.45 1.12) (layer F.CrtYd) (width 0.05))
    (fp_line (start 2.45 -1.12) (end 2.45 1.12) (layer F.CrtYd) (width 0.05))
    (fp_line (start -2.45 -1.12) (end 2.45 -1.12) (layer F.CrtYd) (width 0.05))
    (fp_line (start -2.45 1.12) (end -2.45 -1.12) (layer F.CrtYd) (width 0.05))
    (fp_line (start -0.602064 0.91) (end 0.602064 0.91) (layer F.SilkS) (width 0.12))
    (fp_line (start -0.602064 -0.91) (end 0.602064 -0.91) (layer F.SilkS) (width 0.12))
    (fp_line (start 1.6 0.8) (end -1.6 0.8) (layer F.Fab) (width 0.1))
    (fp_line (start 1.6 -0.8) (end 1.6 0.8) (layer F.Fab) (width 0.1))
    (fp_line (start -1.6 -0.8) (end 1.6 -0.8) (layer F.Fab) (width 0.1))
    (fp_line (start -1.6 0.8) (end -1.6 -0.8) (layer F.Fab) (width 0.1))
    (fp_text user %R (at 0 0) (layer F.Fab)
      (effects (font (size 0.8 0.8) (thickness 0.12)))
    )
    (pad 2 smd roundrect (at 1.4875 0 180) (size 1.425 1.75) (layers F.Cu F.Paste F.Mask) (roundrect_rratio 0.1754385964912281)
      (net 1 GND))
    (pad 1 smd roundrect (at -1.4875 0 180) (size 1.425 1.75) (layers F.Cu F.Paste F.Mask) (roundrect_rratio 0.1754385964912281)
      (net 23 VCC))
    (model ${KISYS3DMOD}/Capacitor_SMD.3dshapes/C_1206_3216Metric.wrl
      (at (xyz 0 0 0))
      (scale (xyz 1 1 1))
      (rotate (xyz 0 0 0))
    )
  )

  (module Capacitor_SMD:C_1206_3216Metric_Pad1.42x1.75mm_HandSolder (layer F.Cu) (tedit 5B301BBE) (tstamp 6307C159)
    (at 42.545 64.135 180)
    (descr "Capacitor SMD 1206 (3216 Metric), square (rectangular) end terminal, IPC_7351 nominal with elongated pad for handsoldering. (Body size source: http://www.tortai-tech.com/upload/download/2011102023233369053.pdf), generated with kicad-footprint-generator")
    (tags "capacitor handsolder")
    (path /63E8DB52)
    (attr smd)
    (fp_text reference C8 (at 0 1.905) (layer F.SilkS)
      (effects (font (size 1 1) (thickness 0.15)))
    )
    (fp_text value 0.1uF (at 0 1.82) (layer F.Fab)
      (effects (font (size 1 1) (thickness 0.15)))
    )
    (fp_line (start -1.6 0.8) (end -1.6 -0.8) (layer F.Fab) (width 0.1))
    (fp_line (start -1.6 -0.8) (end 1.6 -0.8) (layer F.Fab) (width 0.1))
    (fp_line (start 1.6 -0.8) (end 1.6 0.8) (layer F.Fab) (width 0.1))
    (fp_line (start 1.6 0.8) (end -1.6 0.8) (layer F.Fab) (width 0.1))
    (fp_line (start -0.602064 -0.91) (end 0.602064 -0.91) (layer F.SilkS) (width 0.12))
    (fp_line (start -0.602064 0.91) (end 0.602064 0.91) (layer F.SilkS) (width 0.12))
    (fp_line (start -2.45 1.12) (end -2.45 -1.12) (layer F.CrtYd) (width 0.05))
    (fp_line (start -2.45 -1.12) (end 2.45 -1.12) (layer F.CrtYd) (width 0.05))
    (fp_line (start 2.45 -1.12) (end 2.45 1.12) (layer F.CrtYd) (width 0.05))
    (fp_line (start 2.45 1.12) (end -2.45 1.12) (layer F.CrtYd) (width 0.05))
    (fp_text user %R (at 0 0) (layer F.Fab)
      (effects (font (size 0.8 0.8) (thickness 0.12)))
    )
    (pad 1 smd roundrect (at -1.4875 0 180) (size 1.425 1.75) (layers F.Cu F.Paste F.Mask) (roundrect_rratio 0.1754385964912281)
      (net 24 /3V3))
    (pad 2 smd roundrect (at 1.4875 0 180) (size 1.425 1.75) (layers F.Cu F.Paste F.Mask) (roundrect_rratio 0.1754385964912281)
      (net 1 GND))
    (model ${KISYS3DMOD}/Capacitor_SMD.3dshapes/C_1206_3216Metric.wrl
      (at (xyz 0 0 0))
      (scale (xyz 1 1 1))
      (rotate (xyz 0 0 0))
    )
  )

  (module Capacitor_SMD:C_1206_3216Metric_Pad1.42x1.75mm_HandSolder (layer F.Cu) (tedit 5B301BBE) (tstamp 62E35E1D)
    (at 56.9325 67.945 180)
    (descr "Capacitor SMD 1206 (3216 Metric), square (rectangular) end terminal, IPC_7351 nominal with elongated pad for handsoldering. (Body size source: http://www.tortai-tech.com/upload/download/2011102023233369053.pdf), generated with kicad-footprint-generator")
    (tags "capacitor handsolder")
    (path /63E8E2C8)
    (attr smd)
    (fp_text reference C10 (at 0 -1.82) (layer F.SilkS)
      (effects (font (size 1 1) (thickness 0.15)))
    )
    (fp_text value 0.1uF (at 0 1.82) (layer F.Fab)
      (effects (font (size 1 1) (thickness 0.15)))
    )
    (fp_line (start -1.6 0.8) (end -1.6 -0.8) (layer F.Fab) (width 0.1))
    (fp_line (start -1.6 -0.8) (end 1.6 -0.8) (layer F.Fab) (width 0.1))
    (fp_line (start 1.6 -0.8) (end 1.6 0.8) (layer F.Fab) (width 0.1))
    (fp_line (start 1.6 0.8) (end -1.6 0.8) (layer F.Fab) (width 0.1))
    (fp_line (start -0.602064 -0.91) (end 0.602064 -0.91) (layer F.SilkS) (width 0.12))
    (fp_line (start -0.602064 0.91) (end 0.602064 0.91) (layer F.SilkS) (width 0.12))
    (fp_line (start -2.45 1.12) (end -2.45 -1.12) (layer F.CrtYd) (width 0.05))
    (fp_line (start -2.45 -1.12) (end 2.45 -1.12) (layer F.CrtYd) (width 0.05))
    (fp_line (start 2.45 -1.12) (end 2.45 1.12) (layer F.CrtYd) (width 0.05))
    (fp_line (start 2.45 1.12) (end -2.45 1.12) (layer F.CrtYd) (width 0.05))
    (fp_text user %R (at 0 0) (layer F.Fab)
      (effects (font (size 0.8 0.8) (thickness 0.12)))
    )
    (pad 1 smd roundrect (at -1.4875 0 180) (size 1.425 1.75) (layers F.Cu F.Paste F.Mask) (roundrect_rratio 0.1754385964912281)
      (net 24 /3V3))
    (pad 2 smd roundrect (at 1.4875 0 180) (size 1.425 1.75) (layers F.Cu F.Paste F.Mask) (roundrect_rratio 0.1754385964912281)
      (net 1 GND))
    (model ${KISYS3DMOD}/Capacitor_SMD.3dshapes/C_1206_3216Metric.wrl
      (at (xyz 0 0 0))
      (scale (xyz 1 1 1))
      (rotate (xyz 0 0 0))
    )
  )

  (module Capacitor_SMD:C_1206_3216Metric_Pad1.42x1.75mm_HandSolder (layer F.Cu) (tedit 5B301BBE) (tstamp 62E35E2E)
    (at 64.5525 69.215 180)
    (descr "Capacitor SMD 1206 (3216 Metric), square (rectangular) end terminal, IPC_7351 nominal with elongated pad for handsoldering. (Body size source: http://www.tortai-tech.com/upload/download/2011102023233369053.pdf), generated with kicad-footprint-generator")
    (tags "capacitor handsolder")
    (path /63E8E659)
    (attr smd)
    (fp_text reference C11 (at 0 -1.82) (layer F.SilkS)
      (effects (font (size 1 1) (thickness 0.15)))
    )
    (fp_text value 0.1uF (at 0 1.82) (layer F.Fab)
      (effects (font (size 1 1) (thickness 0.15)))
    )
    (fp_line (start -1.6 0.8) (end -1.6 -0.8) (layer F.Fab) (width 0.1))
    (fp_line (start -1.6 -0.8) (end 1.6 -0.8) (layer F.Fab) (width 0.1))
    (fp_line (start 1.6 -0.8) (end 1.6 0.8) (layer F.Fab) (width 0.1))
    (fp_line (start 1.6 0.8) (end -1.6 0.8) (layer F.Fab) (width 0.1))
    (fp_line (start -0.602064 -0.91) (end 0.602064 -0.91) (layer F.SilkS) (width 0.12))
    (fp_line (start -0.602064 0.91) (end 0.602064 0.91) (layer F.SilkS) (width 0.12))
    (fp_line (start -2.45 1.12) (end -2.45 -1.12) (layer F.CrtYd) (width 0.05))
    (fp_line (start -2.45 -1.12) (end 2.45 -1.12) (layer F.CrtYd) (width 0.05))
    (fp_line (start 2.45 -1.12) (end 2.45 1.12) (layer F.CrtYd) (width 0.05))
    (fp_line (start 2.45 1.12) (end -2.45 1.12) (layer F.CrtYd) (width 0.05))
    (fp_text user %R (at 0 0) (layer F.Fab)
      (effects (font (size 0.8 0.8) (thickness 0.12)))
    )
    (pad 1 smd roundrect (at -1.4875 0 180) (size 1.425 1.75) (layers F.Cu F.Paste F.Mask) (roundrect_rratio 0.1754385964912281)
      (net 24 /3V3))
    (pad 2 smd roundrect (at 1.4875 0 180) (size 1.425 1.75) (layers F.Cu F.Paste F.Mask) (roundrect_rratio 0.1754385964912281)
      (net 1 GND))
    (model ${KISYS3DMOD}/Capacitor_SMD.3dshapes/C_1206_3216Metric.wrl
      (at (xyz 0 0 0))
      (scale (xyz 1 1 1))
      (rotate (xyz 0 0 0))
    )
  )

  (module Capacitor_SMD:C_1206_3216Metric_Pad1.42x1.75mm_HandSolder (layer F.Cu) (tedit 5B301BBE) (tstamp 62E35E50)
    (at 76.2 61.3775 90)
    (descr "Capacitor SMD 1206 (3216 Metric), square (rectangular) end terminal, IPC_7351 nominal with elongated pad for handsoldering. (Body size source: http://www.tortai-tech.com/upload/download/2011102023233369053.pdf), generated with kicad-footprint-generator")
    (tags "capacitor handsolder")
    (path /63E8ED05)
    (attr smd)
    (fp_text reference C13 (at -0.2175 1.905 90) (layer F.SilkS)
      (effects (font (size 1 1) (thickness 0.15)))
    )
    (fp_text value 0.1uF (at 0 1.82 90) (layer F.Fab)
      (effects (font (size 1 1) (thickness 0.15)))
    )
    (fp_line (start 2.45 1.12) (end -2.45 1.12) (layer F.CrtYd) (width 0.05))
    (fp_line (start 2.45 -1.12) (end 2.45 1.12) (layer F.CrtYd) (width 0.05))
    (fp_line (start -2.45 -1.12) (end 2.45 -1.12) (layer F.CrtYd) (width 0.05))
    (fp_line (start -2.45 1.12) (end -2.45 -1.12) (layer F.CrtYd) (width 0.05))
    (fp_line (start -0.602064 0.91) (end 0.602064 0.91) (layer F.SilkS) (width 0.12))
    (fp_line (start -0.602064 -0.91) (end 0.602064 -0.91) (layer F.SilkS) (width 0.12))
    (fp_line (start 1.6 0.8) (end -1.6 0.8) (layer F.Fab) (width 0.1))
    (fp_line (start 1.6 -0.8) (end 1.6 0.8) (layer F.Fab) (width 0.1))
    (fp_line (start -1.6 -0.8) (end 1.6 -0.8) (layer F.Fab) (width 0.1))
    (fp_line (start -1.6 0.8) (end -1.6 -0.8) (layer F.Fab) (width 0.1))
    (fp_text user %R (at 0 0 90) (layer F.Fab)
      (effects (font (size 0.8 0.8) (thickness 0.12)))
    )
    (pad 2 smd roundrect (at 1.4875 0 90) (size 1.425 1.75) (layers F.Cu F.Paste F.Mask) (roundrect_rratio 0.1754385964912281)
      (net 1 GND))
    (pad 1 smd roundrect (at -1.4875 0 90) (size 1.425 1.75) (layers F.Cu F.Paste F.Mask) (roundrect_rratio 0.1754385964912281)
      (net 24 /3V3))
    (model ${KISYS3DMOD}/Capacitor_SMD.3dshapes/C_1206_3216Metric.wrl
      (at (xyz 0 0 0))
      (scale (xyz 1 1 1))
      (rotate (xyz 0 0 0))
    )
  )

  (module Capacitor_SMD:C_1206_3216Metric_Pad1.42x1.75mm_HandSolder (layer F.Cu) (tedit 5B301BBE) (tstamp 62E35E3F)
    (at 76.2 66.8925 270)
    (descr "Capacitor SMD 1206 (3216 Metric), square (rectangular) end terminal, IPC_7351 nominal with elongated pad for handsoldering. (Body size source: http://www.tortai-tech.com/upload/download/2011102023233369053.pdf), generated with kicad-footprint-generator")
    (tags "capacitor handsolder")
    (path /63E8E9F4)
    (attr smd)
    (fp_text reference C12 (at 0 -1.82 90) (layer F.SilkS)
      (effects (font (size 1 1) (thickness 0.15)))
    )
    (fp_text value 0.1uF (at 0 1.82 90) (layer F.Fab)
      (effects (font (size 1 1) (thickness 0.15)))
    )
    (fp_line (start -1.6 0.8) (end -1.6 -0.8) (layer F.Fab) (width 0.1))
    (fp_line (start -1.6 -0.8) (end 1.6 -0.8) (layer F.Fab) (width 0.1))
    (fp_line (start 1.6 -0.8) (end 1.6 0.8) (layer F.Fab) (width 0.1))
    (fp_line (start 1.6 0.8) (end -1.6 0.8) (layer F.Fab) (width 0.1))
    (fp_line (start -0.602064 -0.91) (end 0.602064 -0.91) (layer F.SilkS) (width 0.12))
    (fp_line (start -0.602064 0.91) (end 0.602064 0.91) (layer F.SilkS) (width 0.12))
    (fp_line (start -2.45 1.12) (end -2.45 -1.12) (layer F.CrtYd) (width 0.05))
    (fp_line (start -2.45 -1.12) (end 2.45 -1.12) (layer F.CrtYd) (width 0.05))
    (fp_line (start 2.45 -1.12) (end 2.45 1.12) (layer F.CrtYd) (width 0.05))
    (fp_line (start 2.45 1.12) (end -2.45 1.12) (layer F.CrtYd) (width 0.05))
    (fp_text user %R (at 0 0 90) (layer F.Fab)
      (effects (font (size 0.8 0.8) (thickness 0.12)))
    )
    (pad 1 smd roundrect (at -1.4875 0 270) (size 1.425 1.75) (layers F.Cu F.Paste F.Mask) (roundrect_rratio 0.1754385964912281)
      (net 24 /3V3))
    (pad 2 smd roundrect (at 1.4875 0 270) (size 1.425 1.75) (layers F.Cu F.Paste F.Mask) (roundrect_rratio 0.1754385964912281)
      (net 1 GND))
    (model ${KISYS3DMOD}/Capacitor_SMD.3dshapes/C_1206_3216Metric.wrl
      (at (xyz 0 0 0))
      (scale (xyz 1 1 1))
      (rotate (xyz 0 0 0))
    )
  )

  (module Capacitor_SMD:C_1206_3216Metric_Pad1.42x1.75mm_HandSolder (layer F.Cu) (tedit 5B301BBE) (tstamp 62E35E72)
    (at 67.5275 48.895)
    (descr "Capacitor SMD 1206 (3216 Metric), square (rectangular) end terminal, IPC_7351 nominal with elongated pad for handsoldering. (Body size source: http://www.tortai-tech.com/upload/download/2011102023233369053.pdf), generated with kicad-footprint-generator")
    (tags "capacitor handsolder")
    (path /63E8EF3D)
    (attr smd)
    (fp_text reference C15 (at 0 -1.82) (layer F.SilkS)
      (effects (font (size 1 1) (thickness 0.15)))
    )
    (fp_text value 0.1uF (at 0 1.82) (layer F.Fab)
      (effects (font (size 1 1) (thickness 0.15)))
    )
    (fp_line (start -1.6 0.8) (end -1.6 -0.8) (layer F.Fab) (width 0.1))
    (fp_line (start -1.6 -0.8) (end 1.6 -0.8) (layer F.Fab) (width 0.1))
    (fp_line (start 1.6 -0.8) (end 1.6 0.8) (layer F.Fab) (width 0.1))
    (fp_line (start 1.6 0.8) (end -1.6 0.8) (layer F.Fab) (width 0.1))
    (fp_line (start -0.602064 -0.91) (end 0.602064 -0.91) (layer F.SilkS) (width 0.12))
    (fp_line (start -0.602064 0.91) (end 0.602064 0.91) (layer F.SilkS) (width 0.12))
    (fp_line (start -2.45 1.12) (end -2.45 -1.12) (layer F.CrtYd) (width 0.05))
    (fp_line (start -2.45 -1.12) (end 2.45 -1.12) (layer F.CrtYd) (width 0.05))
    (fp_line (start 2.45 -1.12) (end 2.45 1.12) (layer F.CrtYd) (width 0.05))
    (fp_line (start 2.45 1.12) (end -2.45 1.12) (layer F.CrtYd) (width 0.05))
    (fp_text user %R (at 0 0) (layer F.Fab)
      (effects (font (size 0.8 0.8) (thickness 0.12)))
    )
    (pad 1 smd roundrect (at -1.4875 0) (size 1.425 1.75) (layers F.Cu F.Paste F.Mask) (roundrect_rratio 0.1754385964912281)
      (net 24 /3V3))
    (pad 2 smd roundrect (at 1.4875 0) (size 1.425 1.75) (layers F.Cu F.Paste F.Mask) (roundrect_rratio 0.1754385964912281)
      (net 1 GND))
    (model ${KISYS3DMOD}/Capacitor_SMD.3dshapes/C_1206_3216Metric.wrl
      (at (xyz 0 0 0))
      (scale (xyz 1 1 1))
      (rotate (xyz 0 0 0))
    )
  )

  (module Capacitor_THT:CP_Radial_D8.0mm_P5.00mm (layer F.Cu) (tedit 5AE50EF0) (tstamp 62E35F2E)
    (at 38.1 34.29 270)
    (descr "CP, Radial series, Radial, pin pitch=5.00mm, , diameter=8mm, Electrolytic Capacitor")
    (tags "CP Radial series Radial pin pitch 5.00mm  diameter 8mm Electrolytic Capacitor")
    (path /63FAFBE4)
    (fp_text reference C17 (at 7.62 0) (layer F.SilkS)
      (effects (font (size 1 1) (thickness 0.15)))
    )
    (fp_text value 470uF (at 2.5 5.25 90) (layer F.Fab)
      (effects (font (size 1 1) (thickness 0.15)))
    )
    (fp_circle (center 2.5 0) (end 6.5 0) (layer F.Fab) (width 0.1))
    (fp_circle (center 2.5 0) (end 6.62 0) (layer F.SilkS) (width 0.12))
    (fp_circle (center 2.5 0) (end 6.75 0) (layer F.CrtYd) (width 0.05))
    (fp_line (start -0.926759 -1.7475) (end -0.126759 -1.7475) (layer F.Fab) (width 0.1))
    (fp_line (start -0.526759 -2.1475) (end -0.526759 -1.3475) (layer F.Fab) (width 0.1))
    (fp_line (start 2.5 -4.08) (end 2.5 4.08) (layer F.SilkS) (width 0.12))
    (fp_line (start 2.54 -4.08) (end 2.54 4.08) (layer F.SilkS) (width 0.12))
    (fp_line (start 2.58 -4.08) (end 2.58 4.08) (layer F.SilkS) (width 0.12))
    (fp_line (start 2.62 -4.079) (end 2.62 4.079) (layer F.SilkS) (width 0.12))
    (fp_line (start 2.66 -4.077) (end 2.66 4.077) (layer F.SilkS) (width 0.12))
    (fp_line (start 2.7 -4.076) (end 2.7 4.076) (layer F.SilkS) (width 0.12))
    (fp_line (start 2.74 -4.074) (end 2.74 4.074) (layer F.SilkS) (width 0.12))
    (fp_line (start 2.78 -4.071) (end 2.78 4.071) (layer F.SilkS) (width 0.12))
    (fp_line (start 2.82 -4.068) (end 2.82 4.068) (layer F.SilkS) (width 0.12))
    (fp_line (start 2.86 -4.065) (end 2.86 4.065) (layer F.SilkS) (width 0.12))
    (fp_line (start 2.9 -4.061) (end 2.9 4.061) (layer F.SilkS) (width 0.12))
    (fp_line (start 2.94 -4.057) (end 2.94 4.057) (layer F.SilkS) (width 0.12))
    (fp_line (start 2.98 -4.052) (end 2.98 4.052) (layer F.SilkS) (width 0.12))
    (fp_line (start 3.02 -4.048) (end 3.02 4.048) (layer F.SilkS) (width 0.12))
    (fp_line (start 3.06 -4.042) (end 3.06 4.042) (layer F.SilkS) (width 0.12))
    (fp_line (start 3.1 -4.037) (end 3.1 4.037) (layer F.SilkS) (width 0.12))
    (fp_line (start 3.14 -4.03) (end 3.14 4.03) (layer F.SilkS) (width 0.12))
    (fp_line (start 3.18 -4.024) (end 3.18 4.024) (layer F.SilkS) (width 0.12))
    (fp_line (start 3.221 -4.017) (end 3.221 4.017) (layer F.SilkS) (width 0.12))
    (fp_line (start 3.261 -4.01) (end 3.261 4.01) (layer F.SilkS) (width 0.12))
    (fp_line (start 3.301 -4.002) (end 3.301 4.002) (layer F.SilkS) (width 0.12))
    (fp_line (start 3.341 -3.994) (end 3.341 3.994) (layer F.SilkS) (width 0.12))
    (fp_line (start 3.381 -3.985) (end 3.381 3.985) (layer F.SilkS) (width 0.12))
    (fp_line (start 3.421 -3.976) (end 3.421 3.976) (layer F.SilkS) (width 0.12))
    (fp_line (start 3.461 -3.967) (end 3.461 3.967) (layer F.SilkS) (width 0.12))
    (fp_line (start 3.501 -3.957) (end 3.501 3.957) (layer F.SilkS) (width 0.12))
    (fp_line (start 3.541 -3.947) (end 3.541 3.947) (layer F.SilkS) (width 0.12))
    (fp_line (start 3.581 -3.936) (end 3.581 3.936) (layer F.SilkS) (width 0.12))
    (fp_line (start 3.621 -3.925) (end 3.621 3.925) (layer F.SilkS) (width 0.12))
    (fp_line (start 3.661 -3.914) (end 3.661 3.914) (layer F.SilkS) (width 0.12))
    (fp_line (start 3.701 -3.902) (end 3.701 3.902) (layer F.SilkS) (width 0.12))
    (fp_line (start 3.741 -3.889) (end 3.741 3.889) (layer F.SilkS) (width 0.12))
    (fp_line (start 3.781 -3.877) (end 3.781 3.877) (layer F.SilkS) (width 0.12))
    (fp_line (start 3.821 -3.863) (end 3.821 3.863) (layer F.SilkS) (width 0.12))
    (fp_line (start 3.861 -3.85) (end 3.861 3.85) (layer F.SilkS) (width 0.12))
    (fp_line (start 3.901 -3.835) (end 3.901 3.835) (layer F.SilkS) (width 0.12))
    (fp_line (start 3.941 -3.821) (end 3.941 3.821) (layer F.SilkS) (width 0.12))
    (fp_line (start 3.981 -3.805) (end 3.981 -1.04) (layer F.SilkS) (width 0.12))
    (fp_line (start 3.981 1.04) (end 3.981 3.805) (layer F.SilkS) (width 0.12))
    (fp_line (start 4.021 -3.79) (end 4.021 -1.04) (layer F.SilkS) (width 0.12))
    (fp_line (start 4.021 1.04) (end 4.021 3.79) (layer F.SilkS) (width 0.12))
    (fp_line (start 4.061 -3.774) (end 4.061 -1.04) (layer F.SilkS) (width 0.12))
    (fp_line (start 4.061 1.04) (end 4.061 3.774) (layer F.SilkS) (width 0.12))
    (fp_line (start 4.101 -3.757) (end 4.101 -1.04) (layer F.SilkS) (width 0.12))
    (fp_line (start 4.101 1.04) (end 4.101 3.757) (layer F.SilkS) (width 0.12))
    (fp_line (start 4.141 -3.74) (end 4.141 -1.04) (layer F.SilkS) (width 0.12))
    (fp_line (start 4.141 1.04) (end 4.141 3.74) (layer F.SilkS) (width 0.12))
    (fp_line (start 4.181 -3.722) (end 4.181 -1.04) (layer F.SilkS) (width 0.12))
    (fp_line (start 4.181 1.04) (end 4.181 3.722) (layer F.SilkS) (width 0.12))
    (fp_line (start 4.221 -3.704) (end 4.221 -1.04) (layer F.SilkS) (width 0.12))
    (fp_line (start 4.221 1.04) (end 4.221 3.704) (layer F.SilkS) (width 0.12))
    (fp_line (start 4.261 -3.686) (end 4.261 -1.04) (layer F.SilkS) (width 0.12))
    (fp_line (start 4.261 1.04) (end 4.261 3.686) (layer F.SilkS) (width 0.12))
    (fp_line (start 4.301 -3.666) (end 4.301 -1.04) (layer F.SilkS) (width 0.12))
    (fp_line (start 4.301 1.04) (end 4.301 3.666) (layer F.SilkS) (width 0.12))
    (fp_line (start 4.341 -3.647) (end 4.341 -1.04) (layer F.SilkS) (width 0.12))
    (fp_line (start 4.341 1.04) (end 4.341 3.647) (layer F.SilkS) (width 0.12))
    (fp_line (start 4.381 -3.627) (end 4.381 -1.04) (layer F.SilkS) (width 0.12))
    (fp_line (start 4.381 1.04) (end 4.381 3.627) (layer F.SilkS) (width 0.12))
    (fp_line (start 4.421 -3.606) (end 4.421 -1.04) (layer F.SilkS) (width 0.12))
    (fp_line (start 4.421 1.04) (end 4.421 3.606) (layer F.SilkS) (width 0.12))
    (fp_line (start 4.461 -3.584) (end 4.461 -1.04) (layer F.SilkS) (width 0.12))
    (fp_line (start 4.461 1.04) (end 4.461 3.584) (layer F.SilkS) (width 0.12))
    (fp_line (start 4.501 -3.562) (end 4.501 -1.04) (layer F.SilkS) (width 0.12))
    (fp_line (start 4.501 1.04) (end 4.501 3.562) (layer F.SilkS) (width 0.12))
    (fp_line (start 4.541 -3.54) (end 4.541 -1.04) (layer F.SilkS) (width 0.12))
    (fp_line (start 4.541 1.04) (end 4.541 3.54) (layer F.SilkS) (width 0.12))
    (fp_line (start 4.581 -3.517) (end 4.581 -1.04) (layer F.SilkS) (width 0.12))
    (fp_line (start 4.581 1.04) (end 4.581 3.517) (layer F.SilkS) (width 0.12))
    (fp_line (start 4.621 -3.493) (end 4.621 -1.04) (layer F.SilkS) (width 0.12))
    (fp_line (start 4.621 1.04) (end 4.621 3.493) (layer F.SilkS) (width 0.12))
    (fp_line (start 4.661 -3.469) (end 4.661 -1.04) (layer F.SilkS) (width 0.12))
    (fp_line (start 4.661 1.04) (end 4.661 3.469) (layer F.SilkS) (width 0.12))
    (fp_line (start 4.701 -3.444) (end 4.701 -1.04) (layer F.SilkS) (width 0.12))
    (fp_line (start 4.701 1.04) (end 4.701 3.444) (layer F.SilkS) (width 0.12))
    (fp_line (start 4.741 -3.418) (end 4.741 -1.04) (layer F.SilkS) (width 0.12))
    (fp_line (start 4.741 1.04) (end 4.741 3.418) (layer F.SilkS) (width 0.12))
    (fp_line (start 4.781 -3.392) (end 4.781 -1.04) (layer F.SilkS) (width 0.12))
    (fp_line (start 4.781 1.04) (end 4.781 3.392) (layer F.SilkS) (width 0.12))
    (fp_line (start 4.821 -3.365) (end 4.821 -1.04) (layer F.SilkS) (width 0.12))
    (fp_line (start 4.821 1.04) (end 4.821 3.365) (layer F.SilkS) (width 0.12))
    (fp_line (start 4.861 -3.338) (end 4.861 -1.04) (layer F.SilkS) (width 0.12))
    (fp_line (start 4.861 1.04) (end 4.861 3.338) (layer F.SilkS) (width 0.12))
    (fp_line (start 4.901 -3.309) (end 4.901 -1.04) (layer F.SilkS) (width 0.12))
    (fp_line (start 4.901 1.04) (end 4.901 3.309) (layer F.SilkS) (width 0.12))
    (fp_line (start 4.941 -3.28) (end 4.941 -1.04) (layer F.SilkS) (width 0.12))
    (fp_line (start 4.941 1.04) (end 4.941 3.28) (layer F.SilkS) (width 0.12))
    (fp_line (start 4.981 -3.25) (end 4.981 -1.04) (layer F.SilkS) (width 0.12))
    (fp_line (start 4.981 1.04) (end 4.981 3.25) (layer F.SilkS) (width 0.12))
    (fp_line (start 5.021 -3.22) (end 5.021 -1.04) (layer F.SilkS) (width 0.12))
    (fp_line (start 5.021 1.04) (end 5.021 3.22) (layer F.SilkS) (width 0.12))
    (fp_line (start 5.061 -3.189) (end 5.061 -1.04) (layer F.SilkS) (width 0.12))
    (fp_line (start 5.061 1.04) (end 5.061 3.189) (layer F.SilkS) (width 0.12))
    (fp_line (start 5.101 -3.156) (end 5.101 -1.04) (layer F.SilkS) (width 0.12))
    (fp_line (start 5.101 1.04) (end 5.101 3.156) (layer F.SilkS) (width 0.12))
    (fp_line (start 5.141 -3.124) (end 5.141 -1.04) (layer F.SilkS) (width 0.12))
    (fp_line (start 5.141 1.04) (end 5.141 3.124) (layer F.SilkS) (width 0.12))
    (fp_line (start 5.181 -3.09) (end 5.181 -1.04) (layer F.SilkS) (width 0.12))
    (fp_line (start 5.181 1.04) (end 5.181 3.09) (layer F.SilkS) (width 0.12))
    (fp_line (start 5.221 -3.055) (end 5.221 -1.04) (layer F.SilkS) (width 0.12))
    (fp_line (start 5.221 1.04) (end 5.221 3.055) (layer F.SilkS) (width 0.12))
    (fp_line (start 5.261 -3.019) (end 5.261 -1.04) (layer F.SilkS) (width 0.12))
    (fp_line (start 5.261 1.04) (end 5.261 3.019) (layer F.SilkS) (width 0.12))
    (fp_line (start 5.301 -2.983) (end 5.301 -1.04) (layer F.SilkS) (width 0.12))
    (fp_line (start 5.301 1.04) (end 5.301 2.983) (layer F.SilkS) (width 0.12))
    (fp_line (start 5.341 -2.945) (end 5.341 -1.04) (layer F.SilkS) (width 0.12))
    (fp_line (start 5.341 1.04) (end 5.341 2.945) (layer F.SilkS) (width 0.12))
    (fp_line (start 5.381 -2.907) (end 5.381 -1.04) (layer F.SilkS) (width 0.12))
    (fp_line (start 5.381 1.04) (end 5.381 2.907) (layer F.SilkS) (width 0.12))
    (fp_line (start 5.421 -2.867) (end 5.421 -1.04) (layer F.SilkS) (width 0.12))
    (fp_line (start 5.421 1.04) (end 5.421 2.867) (layer F.SilkS) (width 0.12))
    (fp_line (start 5.461 -2.826) (end 5.461 -1.04) (layer F.SilkS) (width 0.12))
    (fp_line (start 5.461 1.04) (end 5.461 2.826) (layer F.SilkS) (width 0.12))
    (fp_line (start 5.501 -2.784) (end 5.501 -1.04) (layer F.SilkS) (width 0.12))
    (fp_line (start 5.501 1.04) (end 5.501 2.784) (layer F.SilkS) (width 0.12))
    (fp_line (start 5.541 -2.741) (end 5.541 -1.04) (layer F.SilkS) (width 0.12))
    (fp_line (start 5.541 1.04) (end 5.541 2.741) (layer F.SilkS) (width 0.12))
    (fp_line (start 5.581 -2.697) (end 5.581 -1.04) (layer F.SilkS) (width 0.12))
    (fp_line (start 5.581 1.04) (end 5.581 2.697) (layer F.SilkS) (width 0.12))
    (fp_line (start 5.621 -2.651) (end 5.621 -1.04) (layer F.SilkS) (width 0.12))
    (fp_line (start 5.621 1.04) (end 5.621 2.651) (layer F.SilkS) (width 0.12))
    (fp_line (start 5.661 -2.604) (end 5.661 -1.04) (layer F.SilkS) (width 0.12))
    (fp_line (start 5.661 1.04) (end 5.661 2.604) (layer F.SilkS) (width 0.12))
    (fp_line (start 5.701 -2.556) (end 5.701 -1.04) (layer F.SilkS) (width 0.12))
    (fp_line (start 5.701 1.04) (end 5.701 2.556) (layer F.SilkS) (width 0.12))
    (fp_line (start 5.741 -2.505) (end 5.741 -1.04) (layer F.SilkS) (width 0.12))
    (fp_line (start 5.741 1.04) (end 5.741 2.505) (layer F.SilkS) (width 0.12))
    (fp_line (start 5.781 -2.454) (end 5.781 -1.04) (layer F.SilkS) (width 0.12))
    (fp_line (start 5.781 1.04) (end 5.781 2.454) (layer F.SilkS) (width 0.12))
    (fp_line (start 5.821 -2.4) (end 5.821 -1.04) (layer F.SilkS) (width 0.12))
    (fp_line (start 5.821 1.04) (end 5.821 2.4) (layer F.SilkS) (width 0.12))
    (fp_line (start 5.861 -2.345) (end 5.861 -1.04) (layer F.SilkS) (width 0.12))
    (fp_line (start 5.861 1.04) (end 5.861 2.345) (layer F.SilkS) (width 0.12))
    (fp_line (start 5.901 -2.287) (end 5.901 -1.04) (layer F.SilkS) (width 0.12))
    (fp_line (start 5.901 1.04) (end 5.901 2.287) (layer F.SilkS) (width 0.12))
    (fp_line (start 5.941 -2.228) (end 5.941 -1.04) (layer F.SilkS) (width 0.12))
    (fp_line (start 5.941 1.04) (end 5.941 2.228) (layer F.SilkS) (width 0.12))
    (fp_line (start 5.981 -2.166) (end 5.981 -1.04) (layer F.SilkS) (width 0.12))
    (fp_line (start 5.981 1.04) (end 5.981 2.166) (layer F.SilkS) (width 0.12))
    (fp_line (start 6.021 -2.102) (end 6.021 -1.04) (layer F.SilkS) (width 0.12))
    (fp_line (start 6.021 1.04) (end 6.021 2.102) (layer F.SilkS) (width 0.12))
